%% orbital simulation thermal data from Ian Mckinley 11/20/2019, worst case based on SDL spacecraft model
%% files names rev4_hot_case_transient.xlsm and rev4_cold_case_transient.xlsm
% Nrec	Time	DETECTOR.T16	SPACECRAFT.T13	GRATING.T1	MIRROR_PRIMARY.T1	MIRROR_SECONDARY.T1	MIRROR_TOROIDAL.T1	FPA_FILTER_TRAY.T71	CALIBRATION_TARGET.T236
ColdTempsTime = [0
0
340.62
681.24
1021.86
1362.48
1703.1
2043.72
2384.34
2724.96
3065.58
3406.2
3746.82
4087.44
4428.06
4768.68
5109.3
5449.92
5790.54
6131.16
6471.78
6812.4
7153.02
7493.64
7834.26
8174.88
8515.5
8856.12
9196.74
9537.36
9877.98
10218.6
10559.22
10899.84
11240.46
11581.08
11921.7
12262.32
12602.94
12943.56
13284.18
13624.8
13965.42
14306.04
14646.66
14987.28
15327.9
15668.52
16009.14
16349.76
16690.38
17031
17371.62
17712.24
18052.86
18393.48
18734.1
19074.72
19415.34
19755.96
20096.58
20437.2
20777.82
21118.44
21459.06
21799.68
22140.3
22480.92
22821.54
23162.16
23502.78
23843.4
24184.02
24524.64
24865.26
25205.88
25546.5
25887.12
26227.74
26568.36
26908.98
27249.6
27590.22
27930.84
28271.46
28612.08
28952.7
29293.32
29633.94
29974.56
30315.18
30655.8
30996.42
31337.04
31677.66
32018.28
32358.9
32699.52
33040.14
33380.76
33721.38
34062
];
ColdTempsDet = [
289.1419167
289.1419167
289.1462085
289.1824105
289.2735615
289.421354
289.6137156
289.8373464
290.0540583
290.2208956
290.3146146
290.3287526
290.2675456
290.1383457
289.9635525
289.7801978
289.6212169
289.505166
289.4250099
289.379141
289.3911902
289.4718576
289.6138458
289.8017089
290.0158859
290.2097362
290.3459277
290.4065734
290.3894946
290.3000191
290.147844
289.9624732
289.7809097
289.6325047
289.5274725
289.4545901
289.4232032
289.4558001
289.556386
289.7132624
289.9116618
290.122762
290.2987834
290.4093366
290.4421781
290.3987944
290.2852915
290.1165724
289.9272685
289.7528553
289.6181084
289.523993
289.4610618
289.4482955
289.5030758
289.6233689
289.7945458
290.0015189
290.2048337
290.3606476
290.4450928
290.4512649
290.3830842
290.2476768
290.0672844
289.8788221
289.7151352
289.594708
289.5104484
289.4607173
289.4691211
289.546333
289.685033
289.8697601
290.0809376
290.2719116
290.4053473
290.4633576
290.4437629
290.351888
290.1974279
290.0098866
289.826262
289.6758975
289.5689953
289.4943249
289.4612345
289.4922069
289.5912392
289.7466261
289.9435969
290.1533201
290.3280139
290.4372915
290.4689112
290.4243606
290.3097443
290.1399675
289.9496621
289.7742999
289.6386511
289.5436727
];
ColdTempsSC = [
    269.4
269.4054
271.7351462
274.26353
275.9747507
276.715868
277.4261035
275.5951816
272.5567327
269.6930597
267.3090298
265.4942254
263.9112099
263.5687797
264.8385092
266.837328
268.8987307
269.376885
269.9457182
272.6535066
274.9283007
276.3342414
276.8725385
277.2418911
274.5897417
271.5707176
268.8002864
266.6678449
264.9445509
263.4223055
263.8397116
265.4971227
267.5958893
269.2358691
269.3173276
270.7974015
273.5044587
275.5034809
276.5624962
277.1278251
276.5179603
273.5676256
270.6167138
268.0090238
266.0662862
264.4176436
263.3341742
264.2516508
266.152577
268.3315687
269.4051752
269.3515
271.7356428
274.2639082
275.9749631
276.7159384
277.4262661
275.59466
272.5562041
269.6925775
267.30868
265.4939292
263.9109453
263.5689049
264.838845
266.8376992
268.8989589
269.376825
269.9461046
272.6539724
274.9286279
276.334407
276.8726571
277.2415847
274.5892033
271.5702062
268.7998306
266.6675155
264.9442671
263.4220523
263.8398842
265.4974695
267.5963053
269.2359881
269.317347
270.7978861
273.5048919
275.5037553
276.5625918
277.1279723
276.5175083
273.5670866
270.6162198
268.0086354
266.0659756
264.4173728
263.3343186
264.2519182
266.1529298
268.3319209
269.4052358
269.3515
];
ColdTempsGrat = [
284.5586671
284.5586671
284.5646059
284.6082987
284.7093812
284.8659892
285.0645836
285.2919143
285.5042791
285.6609773
285.7423023
285.7442826
285.6720609
285.5331888
285.3537372
285.1718416
285.0188496
284.910039
284.8342884
284.7944261
284.8168328
284.908368
285.0589884
285.253034
285.4689232
285.6562439
285.7814111
285.829628
285.8008574
285.700798
285.5401901
285.3522896
285.1739443
285.0325249
284.9339941
284.8651391
284.8415029
284.8850448
284.9959942
285.1604961
285.3643865
285.5742719
285.7418249
285.8406002
285.861115
285.8064281
285.6827014
285.5073114
285.3175475
285.1478554
285.0205473
284.9318582
284.8735308
284.870051
284.9359201
285.0658104
285.243762
285.4548162
285.6540577
285.7999342
285.8721361
285.8662642
285.787155
285.6421413
285.4571405
285.2701736
285.1125008
284.9993312
284.9194908
284.8757787
284.8945487
284.9826345
285.129972
285.3208876
285.5337832
285.7182359
285.8406583
285.8862521
285.8549779
285.7525306
285.5896484
285.3995865
285.2191867
285.0758119
284.9754136
284.9047736
284.8794373
284.9213568
285.0307538
285.1937676
285.3962313
285.6047414
285.7709705
285.8684752
285.8877741
285.8319259
285.7070912
285.5306489
285.3398878
285.1692499
285.0410416
284.9514902
];
ColdTempsToroid = [
    284.4412545
284.4412545
284.4432078
284.4654761
284.53184
284.6515731
284.8194319
285.0248631
285.2408784
285.427344
285.554934
285.6092707
285.5885656
285.4969923
285.3493721
285.1761892
285.0103155
284.8761237
284.7775469
284.7119204
284.695228
284.7415514
284.8507526
285.0118395
285.2095901
285.4079155
285.5678859
285.6643732
285.6873212
285.6371691
285.5198482
285.35608
285.1784898
285.0181803
284.89368
284.8029089
284.748924
284.750088
284.815957
284.9418481
285.1156587
285.3166209
285.5041504
285.6433489
285.7141707
285.7109033
285.6358725
285.4984631
285.3249941
285.148805
284.9982721
284.8847343
284.8035617
284.7649911
284.7864122
284.8725023
285.0147729
285.2003818
285.4007205
285.5745121
285.6916221
285.7370999
285.7087497
285.6104541
285.4568287
285.2782089
285.1073562
284.9685594
284.8656871
284.7960312
284.7755434
284.8182772
284.9240708
285.0819145
285.2765709
285.471937
285.629076
285.7228563
285.7432188
285.6905991
285.5709254
285.4049178
285.2251976
285.0628613
284.9364286
284.8438116
284.7880662
284.7875511
284.8518157
284.976171
285.1485104
285.3480587
285.5342278
285.6721191
285.741688
285.7372223
285.6610469
285.5225474
285.3480431
285.1708717
285.0194054
284.9049766
];
ColdTempsFilt = [
    287.977428
287.977428
287.9796025
288.0059
288.0829106
288.2171472
288.3991598
288.6161834
288.8374658
289.018201
289.1305408
289.1641058
289.1211519
289.0082041
288.8426719
288.6594601
288.4931156
288.366532
288.2785758
288.2229668
288.2195012
288.2832657
288.4109246
288.5879828
288.7978305
288.9992686
289.150921
289.230514
289.2323179
289.1604014
289.0226657
288.8434261
288.6591547
288.501515
288.3864497
288.3061722
288.262836
288.2788942
288.3630336
288.5069078
288.6956224
288.9064403
289.0932147
289.2208293
289.272868
289.2479665
289.1514686
288.9947497
288.8084836
288.6288514
288.4837564
288.3806693
288.30966
288.2829006
288.320692
288.425415
288.584806
288.7841413
288.9912825
289.1604505
289.2631147
289.2884131
289.2382577
289.1189262
288.9476556
288.7592251
288.588085
288.4570527
288.3649328
288.3054076
288.2982494
288.3585173
288.4828518
288.6567405
288.863559
289.0620923
289.2109605
289.2878894
289.2871492
289.2128061
289.0727584
288.8913221
288.7049653
288.5453441
288.4283898
288.346306
288.3012476
288.3156646
288.3982353
288.5406063
288.7278791
288.9373088
289.1227441
289.2490707
289.2998747
289.2737933
289.1761695
289.0183797
288.8310992
288.6505064
288.5044996
288.4005413
];
